#Puzzle 1
-1,-1,-1,-2,-2
-2,-1,-1,-2,-2
-2,-1,-1,-1,-1
-2,-1,-1,-1,-1
#Fin
#Puzzle 2
-1,-1,-1,-1,-2
-2,-1,-1,-1,-2
-2,-1,-1,-1,-1
-2,-2,-1,-1,-2
#Fin
#Puzzle 3
-1,-1,-1,-2,-2
-1,-1,-1,-1,-2
-1,-1,-1,-1,-1
-1,-2,-2,-2,-2
#Fin
#Puzzle 4
-2,-1,-1,-2,-2
-2,-1,-1,-1,-2
-1,-1,-1,-1,-1
-2,-2,-1,-1,-1
#Fin
#Puzzle 5
-2,-1,-1,-2,-2
-1,-1,-1,-1,-2
-2,-1,-1,-1,-1
-2,-1,-1,-1,-2
#Fin
#Puzzle 6
-2,-2,-1,-2
-1,-1,-1,-1
-1,-1,-1,-1
-1,-1,-1,-1
-2,-2,-2,-1
#Fin
#Puzzle 7
-1,-1,-1,-1
-1,-1,-1,-1
-2,-2,-1,-1
-2,-2,-1,-2
-2,-2,-1,-2
#Fin
#Puzzle 8
-1,-1,-2,-2
-1,-1,-1,-2
-1,-1,-1,-2
-1,-1,-1,-1
#Fin
#Puzzle 9
-2,-1,-1,-2,-2
-1,-1,-1,-2,-2
-1,-1,-1,-1,-2
-2,-1,-1,-1,-1
#Fin
#Puzzle 10
-1,-1,-1,-1
-1,-1,-1,-2
-2,-1,-1,-2
-2,-1,-1,-2
-2,-1,-2,-2
#Fin
#Puzzle 11
-2,-1,-2,-2
-2,-1,-1,-2
-2,-1,-1,-1
-1,-1,-1,-1
-2,-2,-2,-1
#Fin
#Puzzle 12
-2,-1,-1
-1,-1,-1
-1,-1,-1
-1,-2,-1
-1,-2,-2
#Fin
#Puzzle 13
-2,-1,-1,-1
-2,-1,-1,-1
-1,-1,-1,-1
-2,-2,-1,-1
#Fin
#Puzzle 14
-2,-2,-1,-1
-2,-1,-1,-1
-2,-1,-1,-1
-1,-1,-1,-1
-2,-2,-2,-1
#Fin
#Puzzle 15
-1,-2,-2
-1,-1,-1
-1,-1,-1
-1,-1,-1
-2,-1,-2
-2,-1,-2
#Fin







